0.05	0
0.051	8.05E-06
0.06	1.63E-05
0.0804948	2.49E-05
0.163094	3.37E-05
0.276982	4.27E-05
0.420143	5.21E-05
0.589638	6.17E-05
0.782252	7.16E-05
0.994865	8.17E-05
1.22463	9.22E-05
1.46907	0.000103063
1.72605	0.000114201
1.99378	0.000125674
2.27074	0.000137492
2.55567	0.000149663
2.84748	0.0001622
3.14522	0.000175113
3.44808	0.000188413
3.75531	0.000202112
4.06623	0.000216223
4.38023	0.000230756
4.69672	0.000245726
5.01516	0.000261144
5.33505	0.000277026
5.65591	0.000293383
5.9773	0.000310232
6.29882	0.000327585
6.62008	0.00034546
6.94075	0.00036387
7.26052	0.000382833
7.57912	0.000402365
7.89631	0.000422483
8.21189	0.000443205
8.52568	0.000464548
8.83752	0.000486531
9.1473	0.000509174
9.45491	0.000532496
9.76029	0.000556517
10.0634	0.00058126
10.3641	0.000606745
10.6625	0.000632994
10.9584	0.00066003
11.252	0.000687878
11.5433	0.000716561
11.8321	0.000746105
12.1186	0.000776535
12.4028	0.000807878
12.6847	0.000840161
12.9643	0.000873413
13.2417	0.000907662
13.5169	0.000942939
13.7899	0.000979274
14.0608	0.0010167
14.3296	0.00105525
14.5963	0.00109495
14.8609	0.00113585
15.1236	0.00117797
15.3841	0.00122135
15.6427	0.00126604
15.8994	0.00131207
16.154	0.00135948
16.4066	0.00140831
16.6573	0.00145861
16.906	0.00151041
17.1527	0.00156377
17.3974	0.00161873
17.6401	0.00167534
17.8807	0.00173365
18.1192	0.0017937
18.3557	0.00185556
18.59	0.00191928
18.8221	0.0019849
19.052	0.00205249
19.2797	0.00212212
19.5051	0.00219383
19.7281	0.00226769
19.9488	0.00234377
20.167	0.00242213
20.3828	0.00250284
20.5961	0.00258597
20.8068	0.00267159
21.0149	0.00275979
21.2204	0.00285063
21.4232	0.00294419
21.6234	0.00304057
21.8208	0.00313983
22.0155	0.00324207
22.2074	0.00334738
22.3966	0.00345585
22.5829	0.00356757
22.7665	0.00368265
22.9472	0.00380117
23.1251	0.00392326
23.3003	0.004049
23.4726	0.00417852
23.6422	0.00431192
23.8091	0.00444932
23.9733	0.00459085
24.1348	0.00473662
24.2936	0.00488677
24.45	0.00504142
24.6038	0.00520071
24.7551	0.00536478
24.9041	0.00553377
25.0508	0.00570783
25.1953	0.00588711
25.3376	0.00607177
25.478	0.00626197
25.6164	0.00645787
25.753	0.00665966
25.888	0.00686749
26.0214	0.00708156
26.1534	0.00730206
26.284	0.00752917
26.4136	0.00776309
26.5421	0.00800403
26.6699	0.0082522
26.7969	0.00850781
26.9234	0.00877109
27.0496	0.00904227
27.1755	0.00932158
27.3015	0.00960928
27.4277	0.0099056
27.5542	0.0102108
27.6812	0.0105252
27.809	0.010849
27.9376	0.0111825
28.0674	0.011526
28.1984	0.0118799
28.3309	0.0122443
28.465	0.0126197
28.6009	0.0130063
28.7388	0.0134046
28.8789	0.0138147
29.0213	0.0142372
29.1663	0.0146724
29.3139	0.0151206
29.4645	0.0155823
29.618	0.0160578
29.7748	0.0165476
29.9349	0.017052
30.0985	0.0175717
30.2658	0.0181068
30.4368	0.0186581
30.6119	0.0192259
30.791	0.0198107
30.9744	0.0204131
31.1621	0.0210335
31.3544	0.0216726
31.5513	0.0223308
31.753	0.0230088
31.9595	0.0237071
32.1711	0.0244263
32.3878	0.0251672
32.6098	0.0259302
32.8371	0.0267162
33.0698	0.0275257
33.3082	0.0283595
33.5522	0.0292184
33.802	0.030103
34.0577	0.0310141
34.3194	0.0319526
34.5871	0.0329192
34.8609	0.0339148
35.141	0.0349403
35.4273	0.0359966
35.72	0.0370845
36.0191	0.0382051
36.3247	0.0393593
36.6368	0.0405481
36.9554	0.0417726
37.2807	0.0430338
37.6125	0.0443329
37.951	0.0456709
38.2961	0.0470491
38.6478	0.0484686
39.0061	0.0499307
39.3709	0.0514367
39.7423	0.0529879
40.1201	0.0545855
40.5043	0.0562311
40.8949	0.0579261
41.2916	0.059672
41.6945	0.0614702
42.1033	0.0633223
42.5179	0.06523
42.9382	0.067195
43.3641	0.0692189
43.7952	0.0713035
44.2315	0.0734506
44.6727	0.0756622
45.1186	0.0779401
45.569	0.0802864
46.0236	0.082703
46.4821	0.0851922
46.9443	0.087756
47.41	0.0903967
47.8788	0.0931166
48.3504	0.0959182
48.8246	0.0988038
49.3011	0.101776
49.7795	0.104837
49.846	0.105382
49.811	0.1054
49.7488	0.105409
49.6497	0.105419
49.5148	0.105429
49.3471	0.105439
49.1507	0.105449
48.9295	0.10546
48.6873	0.105471
48.4273	0.105483
48.1522	0.105494
47.8643	0.105506
47.5655	0.105519
47.2574	0.105532
46.9411	0.105545
46.6179	0.105559
46.2887	0.105573
45.9544	0.105587
45.6157	0.105602
45.2732	0.105618
44.9277	0.105633
44.5798	0.10565
44.23	0.105667
43.8788	0.105684
43.5267	0.105702
43.1741	0.10572
42.8214	0.105739
42.469	0.105758
42.1172	0.105778
41.7662	0.105799
41.4162	0.10582
41.0675	0.105842
40.7202	0.105865
40.3744	0.105888
40.0302	0.105912
39.6877	0.105937
39.347	0.105962
39.008	0.105988
38.6707	0.106015
38.3353	0.106043
38.0016	0.106072
37.6695	0.106101
37.3392	0.106131
37.0104	0.106163
36.6833	0.106195
36.3576	0.106228
36.0333	0.106262
35.7105	0.106297
35.389	0.106334
35.0687	0.106371
34.7496	0.106409
34.4316	0.106449
34.1147	0.10649
33.7988	0.106532
33.4838	0.106575
33.1698	0.106619
32.8566	0.106665
32.5443	0.106713
32.2327	0.106761
31.9219	0.106811
31.6119	0.106863
31.3026	0.106916
30.994	0.106971
30.6861	0.107028
30.379	0.107086
30.0726	0.107146
29.767	0.107207
29.4622	0.107271
29.1582	0.107336
28.8551	0.107404
28.5528	0.107473
28.2516	0.107545
27.9514	0.107618
27.6523	0.107694
27.3543	0.107772
27.0576	0.107853
26.7622	0.107935
26.4682	0.108021
26.1756	0.108109
25.8847	0.108199
25.5954	0.108293
25.3078	0.108389
25.0221	0.108488
24.7384	0.10859
24.4567	0.108695
24.1772	0.108803
23.8999	0.108914
23.625	0.109029
23.3526	0.109147
23.0827	0.109269
22.8156	0.109394
22.5512	0.109523
22.2897	0.109656
22.0313	0.109793
21.7759	0.109934
21.5238	0.11008
21.275	0.110229
21.0296	0.110384
20.7878	0.110542
20.5496	0.110706
20.3151	0.110875
20.0845	0.111048
19.8577	0.111227
19.635	0.111411
19.4163	0.111601
19.2018	0.111796
18.9915	0.111997
18.7855	0.112204
18.5839	0.112418
18.3866	0.112638
18.1938	0.112864
18.0055	0.113097
17.8216	0.113337
17.6423	0.113585
17.4675	0.11384
17.2972	0.114102
17.1314	0.114373
16.9701	0.114651
16.8132	0.114938
16.6606	0.115233
16.5124	0.115538
16.3684	0.115851
16.2286	0.116174
16.0928	0.116507
15.961	0.116849
15.833	0.117202
15.7086	0.117565
15.5878	0.117939
15.4704	0.118325
15.3562	0.118722
15.245	0.119131
15.1367	0.119552
15.0311	0.119986
14.928	0.120433
14.8272	0.120893
14.7286	0.121367
14.6318	0.121856
14.5367	0.122359
14.4431	0.122877
14.3508	0.12341
14.2597	0.12396
14.1694	0.124526
14.0799	0.125109
13.991	0.12571
13.9024	0.126328
13.8141	0.126965
13.7258	0.127622
13.6374	0.128298
13.5488	0.128994
13.4599	0.129711
13.3705	0.13045
13.2805	0.13121
13.1898	0.131994
13.0983	0.132801
13.006	0.133633
12.9128	0.134489
12.8186	0.135371
12.7234	0.136279
12.6271	0.137215
12.5297	0.138179
12.4311	0.139171
12.3314	0.140194
12.2306	0.141247
12.1286	0.142332
12.0253	0.143449
11.921	0.1446
11.8154	0.145785
11.7087	0.147006
11.6008	0.148263
11.4918	0.149559
11.3817	0.150893
11.2705	0.152267
11.1582	0.153682
11.0449	0.15514
10.9306	0.156641
10.8153	0.158188
10.699	0.159781
10.5819	0.161421
10.4638	0.163111
10.3449	0.164852
10.2252	0.166645
10.1047	0.168492
9.98354	0.170394
9.86164	0.172353
9.7391	0.174371
9.61594	0.176449
9.49223	0.17859
9.368	0.180795
9.2433	0.183066
9.11817	0.185405
8.99265	0.187815
8.86681	0.190296
8.74068	0.192853
8.61431	0.195486
8.48776	0.198197
8.36107	0.200991
8.23428	0.203868
8.10746	0.206831
7.98064	0.209883
7.85389	0.213027
7.72724	0.216265
7.60075	0.2196
7.47447	0.223036
7.34845	0.226574
7.22274	0.230219
7.09738	0.233973
6.97242	0.237839
6.84792	0.241822
6.72392	0.245923
6.60046	0.250148
6.47759	0.2545
6.35536	0.258983
6.23381	0.263599
6.11299	0.268355
5.99293	0.273253
5.87369	0.278297
5.75529	0.283494
5.63779	0.288846
5.52121	0.294358
5.4056	0.300037
5.29099	0.305885
5.17742	0.311909
5.06492	0.318113
4.95352	0.324504
4.84326	0.331087
4.73417	0.337866
4.62626	0.34485
4.51958	0.352043
4.41415	0.359451
4.30998	0.367082
4.20711	0.374942
4.10556	0.383037
4.00534	0.391376
3.90649	0.399964
3.809	0.40881
3.71291	0.417922
3.61822	0.427307
3.52496	0.436974
3.43313	0.44693
3.34274	0.457185
3.25381	0.467748
3.16635	0.478628
3.08035	0.489834
2.99584	0.501376
2.91281	0.513265
2.83128	0.52551
2.75123	0.538123
2.67269	0.551114
2.59564	0.564495
2.52008	0.578277
2.44603	0.592472
2.37347	0.607094
2.3024	0.622154
2.23283	0.637666
2.16473	0.653643
2.09812	0.6701
2.03298	0.68705
1.9693	0.704509
1.90709	0.722491
1.84632	0.741014
1.78699	0.760091
1.72909	0.779741
1.67261	0.799981
1.61753	0.820828
1.56385	0.8423
1.51155	0.864416
1.46062	0.887196
1.41104	0.910659
1.31588	0.959718
1.22595	1.01176
1.1829	1.03897
1.10053	1.09584
1.02307	1.15617
0.950348	1.22019
0.882205	1.2881
0.818491	1.36014
0.759049	1.43657
0.70372	1.51766
0.677548	1.56004
0.60476	1.69495
0.560808	1.79177
0.501332	1.94817
0.465746	2.06042
0.433221	2.1795
0.403591	2.30583
0.376669	2.43985
0.352336	2.58204
0.330399	2.73289
0.320277	2.81172
0.301625	2.97655
0.284955	3.15143
0.277313	3.24282